28013
18171
19169
15795
6429
7405
31298
26402
5208
27108
26537
29003
4349
27599
7828
10696
5649
32310
31420
29307
24252
3371
7996
27682
10900
13437
26868
12075
25375
24366
24624
1737
14994
31527
28037
25159
10207
5419
22012
28829
25583
28938
17011
6721
19500
29207
22079
19775
20035
26587
6422
20364
16680
4875
14381
2967
20314
30392
25245
2850
22120
18886
17675
5200
24500
7327
26760
7423
5751
1832
30902
2135
24325
29429
13612
25251
29523
21945
4636
3936
10422
28672
19507
7572
17133
25632
29633
13922
30818
14700
13082
23002
2989
8108
21564
24086
7770
1738
18866
25730
8428
24270
16056
14715
1057
5132
29343
21020
3960
7068
25459
23636
241
9227
3036
5436
23060
15952
14402
22952
32308
4866
14132
9469
1525
30664
26891
29250
27660
30992
29386
13177
30534
11268
6217
21295
1484
23737
403
29778
7589
27818
28556
25667
26236
30054
9175
29484
28836
901
32758
9876
27993
32224
8115
31280
15433
3330
29375
8956
29267
5849
6554
2187
15758
8881
2482
26779
19085
14692
15567
22765
3809
5578
28590
6996
7392
14711
13292
30731
25765
14758
22823
4683
1624
22640
29023
27421
6576
15938
29858
1646
3765
26509
18408
26209
3019
6847
11068
20713
27884
31347
21276
5014
18485
2020
12579
14767
7076
10664
12261
26754
2080
2715
26139
22008
15801
25881
1280
3436
32050
3696
1530
30397
21180
22164
23421
21410
28165
4117
10540
10046
15217
21583
18242
15349
8871
22497
5425
15229
3664
25440
24457
3384
8475
17484
23834
28353
15365
19010
1885
31429
14807
9332
21008
4628
1008
13143
1569
23287
25668
8859
17357
19141
14501
24416
28681
28081
27458
16039
4385
24806
21613
26630
24223
13014
27041
22689
2158
7630
24003
4693
31039
20686
5800
19254
6188
15001
7128
12604
19867
2824
25233
5689
20326
24227
6927
6158
30777
18546
25355
6431
11835
11793
386
7428
7408
10755
4023
23938
18014
26696
13179
11193
12142
12594
20140
29086
11158
5748
18428
26540
2997
30332
20723
21207
13374
18947
19768
24258
24217
28642
16140
26673
2502
27431
23831
19393
24132
18280
13671
3287
2353
5975
438
26838
21170
16791
4331
10901
29589
4046
27108
21008
28213
13308
2931
25693
28318
14347
28070
30690
30194
2983
10316
20678
21772
9295
25268
8613
14946
25516
28856
17544
22320
14370
16634
20
24531
11174
110
11521
27506
21711
5913
20430
30436
24111
25112
31411
3790
6115
20195
3032
25868
18281
15315
7108
21843
10674
16866
12312
7444
23416
19379
1661
19107
7122
7634
3035
10136
7430
13372
21452
8822
22430
6434
9296
31626
5054
6378
27074
14614
7348
30583
9994
9903
21201
2730
13845
25572
3959
24104
27778
17952
3956
17502
30878
4562
22414
30915
2707
20170
18271
14173
7644
15334
20068
28039
30460
9711
30544
26609
10608
9662
15782
8680
14818
2467
24966
6616
12447
28167
11719
20239
12363
18767
25671
19651
25812
28420
17535
26199
24228
20017
24667
2266
11803
28429
13128
17873