7590
32576
17248
31721
17533
20842
32540
8007
3825
11175
15831
3070
6746
12291
27457
18826
12436
8182
9660
5209
5542
896
6427
23936
22691
18040
30378
29357
11214
16418
11887
25180
2049
22783
19888
28750
8016
17129
9910
11831
25321
30559
9680
3256
8254
28701
30618
30860
31079
19951
25726
22534
15553
25032
1404
31931
24540
19470
13863
23932
8596
9785
26608
11399
6013
27292
15015
7677
10885
3714
32319
29335
18132
637
466
6805
17143
3323
21476
1272
16958
13082
22508
28401
5730
9150
21777
18329
25707
22752
25137
31714
4305
25385
21287
16078
14050
5055
2894
8671
12131
30815
22849
4558
27258
23980
16357
2944
8396
19398
20650
7477
8162
12575
31501
2051
13777
12170
30050
5507
26
16277
8912
30154
8655
7705
6813
14746
9463
14351
13483
15578
2868
2213
16195
5444
20899
7570
16914
22878
27652
13734
29297
21419
31515
11685
15594
30242
16981
12117
2039
8671
8367
22230
5132
5913
4308
16946
7384
8532
29829
16181
8137
21463
12094
2943
27598
27233
21527
23255
24160
8728
27368
6082
29123
7874
4272
4692
137
12343
30520
4423
25177
3094
2035
31050
17902
20408
11817
32411
27746
24162
3156
5336
10669
28607
8395
4371
20073
25229
7581
12836
24280
10134
30656
835
15143
22754
29035
19670
7412
20779
9152
1927
3599
22417
19374
1434
15485
13199
24086
18045
20419
15662
10028
10401
9057
15736
31009
28041
2716
13104
11775
17441
384
20416
212
19792
28454
16499
530
20176
23859
6116
11062
2110
18593
27575
21928
24173
28610
31366
6370
20736
16769
28190
21461
28216
20972
3564
25992
14602
30703
30130
22787
13685
30818
9342
2155
3858
25159
30685
31598
3565
76
26444
1250
19859
920
5103
25512
27244
19395
134
27351
6475
28710
1436
29974
23876
28246
22017
10058
20414
8683
10107
18034
11976
27014
21433
9422
9649
7442
1416
27207
978
14665
17994
15371
21935
25722
32675
1912
5183
12426
17781
29755
24199
15930
31759
16825
29038
9639
11937
5038
20940
18455
10739
29203
23748
28402
12119
70
12884
23567
21469
12133
11818
12081
24517
28666
25273
17618
16954
9950
19085
29215
27965
26967
9179
16963
11743
17540
10845
6376
21683
5115
9052
24059
17027
11184
28687
5808
11586
22809
6691
4039
12610
32655
3739
32013
679
21496
31450
12837
21276
31651
32766
22664
16324
4723
12400
18123