21308
29658
12174
31542
21926
8461
13792
15552
6342
12463
11057
25189
16460
29955
8394
24606
14555
3689
17050
19178
14597
14466
32717
12053
20086
29333
8608
7098
19311
1842
17523
1927
10359
14101
26399
29376
11853
2892
1163
27270
31776
4765
27514
20826
15874
3618
18599
4317
10139
20790
5908
6361
1818
22677
27295
20357
1137
23742
18646
22277
24770
25500
1036
19505
18964
5478
19629
25239
5963
22724
27854
451
87
31283
25096
18366
9899
25258
18823
5332
497
8574
21086
1178
1276
19843
10781
30768
3838
372
6054
5572
31995
30612
14396
24919
28541
2198
4829
21188
6282
4538
30162
3326
9683
1594
21124
6809
6958
12260
2961
21388
12614
25352
26911
20533
3217
10644
10097
3485
24707
10622
21432
9982
21250
19042
27435
18562
13337
24173
28761
16206
24048
21113
27326
19135
20732
10617
1173
4851
24691
18200
15086
26764
771
19869
21504
12720
7107
4882
4032
10324
20330
29093
18099
19899
14783
30542
27392
14137
5968
14514
8137
6205
14183
19272
23227
11663
19002
10938
17380
28117
24418
3470
18373
9052
10382
27909
4009
21269
21625
17475
21557
5342
5657
19121
15935
16643
11290
11680
18916
5893
31882
3375
24532
16794
6358
16494
6385
23540
15861
9411
24601
23622
9443
31885
26175
1925
14161
8456
7361
21100
31899
2929
10741
21442
21242
31082
3077
11231
18683
12447
24062
1389
11055
9642
29475
4972
6692
2612
15495
12408
15509
1629
11483
847
25054
8542
3716
19598
10418
7533
32753
16827
32272
19170
2603
6536
2163
5783
1453
11606
21322
22420
16759
21497
20135
8172
8286
22971
30523
5346
8358
14755
14978
4688
466
31735
27451
7498
31931
24063
23067
27134
16864
9996
26306
30942
12797
20153
7406
3842
1247
22641
12783
3527
21110
2097
30299
28093
12844
21647
4098
24768
25717
14844
4132
24420
15015
21318
14818
9623
12557
23393
3315
25217
28470
31846
26776
8111
8851
4060
23250
9073
26434
13367
28626
21120
13092
23454
5553
21732
30517
14321
26721
533
27421
10251
31204
22625
14082
2628
27323
909
28577
6202
26274
14015
6301
12242
22906
23964
8470
11641
28807
26797
3710
15280
15323
14599
18856
15303
1042
28459
16930
11240
10304
8491
23493
11864
6184
15374
23178
5626
16047
5238
16544
7189
28816
27264
21179
9046
13136
25836
13998
11289
28789
18302
24636
24036
26867
26787
16427
18996
31975
10840
27035
19581
7047
31304
8598
11116
28505
7476
3304
24431
6820
18840
28721
8823
6181
21900
13880
11517
5122
31720
12418
17475
20740
31915
17956
32220
28160
7326
1237
23662
8086
18484
18503
10679
12830
23989
27576
12750
26592
25243
14788
17323
1923
10301
3709
6890
11977
9130
24509
5836
15737
31960
8123
25215
27804
6398
11741
29343
26091
9278
18893
31740
28553
24199
15567
18334
32750
12218
11602
2054
20003
18187
20676
5047
12853
18859
28587
10485
27108
21668
28658
7885
5531
22020
22912
10069
421
317
2320
1845
3997
25292
1340
26214
21542