26992
11170
13866
1581
24191
30438
6733
14391
7240
29716
26725
16705
23151
5138
18005
1527
10240
12939
18088
7686
4098
30775
20934
26752
27728
12893
12142
16257
23204
17302
17504
3859
2037
4563
22618
21327
17923
5537
30790
16837
7984
28332
18610
8734
23697
8578
23680
6656
12869
25242
25567
28722
1541
4757
18298
2817
1021
20419
1007
11746
30170
16617
22914
14936
4133
32066
9235
30744
10703
13763
28493
10348
4621
931
6945
26837
30822
27
9330
10484
6921
2411
26130
14250
12133
22813
26094
11135
14580
20365
645
10816
16983
6313
5279
21484
11432
3574
22843
21714
2316
31188
14281
25331
12423
8194
14489
10925
3605
12132
16276
28315
20214
260
362
24247
27977
18520
22411
27329
18652
6339
5658
5093
16963
25693
18718
408
3111
22519
23483
24003
9953
14426
28194
15395
14919
9424
7684
4335
16838
25318
13132
31420
16050
5999
1293
25503
25817
4300
10937
15761
30046
1643
19861
24087
15301
29070
11881
15650
24906
25422
13180
6963
2679
31711
4799
21188
29429
26389
27721
22756
31651
551
26883
12577
24293
3764
12709
22698
32575
5891
20961
27829
1058
26511
23517
4127
14597
16835
24551
21586
25272
11266
3173
10604
32501
746
2570
6558
8761
12250
26704
21457
26577
10417
11810
18832
10296
7385
25304
25634
27040
29573
9065
5366
16079
32566
6108
17733
2092
2692
23808
26866
19226
8731
13917
14517
4996
16388
7274
22392
5049
15398
31489
26369
30331
9740
13327
20434
5970
27624
14992
16461
5415
29400
22971
10012
29453
1129
31865
11472
15202
13658
2332
28872
22807
10658
9550
3413
6988
22963
30279
10011
5920
15617
12612
3003
23495
32190
4148
9135
11485
6632
32436
15221
14073
5510
4925
26607
29318
8751
10396
2570
10446
24523
11171
13726
20312
6814
28959
32661
11636
10882
10250
30544
20
22387
15361
20294
4061
26449
15352
30958
28030
14562
6444
14304
18497
4119
21081
28727
4831
30608
24365
13369
27289
23393
28669
21818
29828
16663
21944
31677
9509
16630
9753
2781
9789
9349
28704
21227
20198
20045
5314
22361
25055
20189
6112
11222
1573
19217
32118
11451
11715
6036
1813
5798
24298
11684
26003
16740
4932
23829
13057
533
8582
24473
18653
30858
25925
12606
18057
19442
6410
21048
23548
6838
5800
21985
11448
8609
29133
25342
24315
24132
8408
2372
11066
12441
10218
4123
32715
16358
31296
8865
3298
9956
1472
31986
19646
11041
7377
32423
23588
931
12912
18076
14093
29390
7297
15351
11676
14216
20578
10341
9554
6554
19910
18343
31365
5465
11201
28750
5646
27271
31775
14786
2883
4724
30970
17289
21029
24936
12428
454
29146
22341
9025
13056
12125
25449
2064
25381
5236
8146
11020
8143
25314
18309
6710
16837
18398
27696
5270
28613
25541
12046
28554
16001
31244
267
26205
4583
23928
11817
2075
9125
27793
14370
14244
21229
12884
17487
29184
8565
32552
8392
20210
451
3603
9421
28624
23207
2606
28772
20625
25609
2134
20292
12072