8957
14447
29178
16481
27139
23757
27347
11588
341
20514
27436
2666
1938
15270
10292
26071
2552
4522
15557
22928
15052
31344
13031
32522
26364
832
18070
14051
28420
17336
17861
6352
18190
28004
12706
8151
16989
31119
1308
26302
11755
26968
17570
2243
32337
19464
15150
31373
5352
32674
2179
28515
24622
24508
25779
7836
23403
22158
15587
32086
12692
1097
3410
16491
1903
28842
7320
15009
12536
31438
31788
27425
22020
31560
29225
20523
18980
19569
12370
20999
7116
11519
31827
23103
7860
12505
11594
27403
30079
13354
8837
19213
24219
1204
6029
6462
18536
13672
31076
23849
28828
20531
8460
26455
4838
23066
5960
5642
27345
23945
17831
21038
3308
28392
14525
22668
23336
24432
22452
9025
6273
4669
13572
1902
24544
10148
23678
23346
576
29382
17039
14293
4112
28005
14531
11334
4569
7671
2952
29640
13345
9209
11573
1256
27279
24198
4682
3250
20048
24872
8953
10788
15288
10990
26086
32227
29485
21439
18476
25133
16705
9197
9888
24335
29214
18957
31833
11992
5159
8967
23152
26317
19932
18537
3332
6174
19198
22785
4481
32025
1268
12202
16930
1694
27246
31846
23221
24019
10824
29613
15007
11800
9649
2053
2079
19262
19852
25043
6359
2035
28438
2417
17288
20609
13258
30592
32541
23993
22658
32640
29419
5161
24542
18590
23607
25494
17385
18636
27896
15014
27386
30231
2015
25308
25561
8757
32149
22729
11555
13406
12100
29825
3056
13662
14936
30285
13746
25063
4487
19359
20833
14123
9998
8267
5077
11690
3134
4083
31603
5705
10808
11
28427
19877
30709
18527
17409
14758
20873
18458
28587
17751
21672
21865
26619
20213
26217
407
30558
15430
17994
31674
2019
10539
108
21477
10656
25721
24897
32415
22610
12037
21500
11412
17475
28926
18152
19083
8817
22912
643
15768
18412
7269
4619
12179
5248
16991
9026
32712
28820
16196
4975
11248
25170
17064
19877
17761
32264
30385
24135
18049
13774
8487
24524
23680
19562
23243
9408
31047
28528
20714
17163
16811
15534
17713
25718
11239
14022
16323
107
25161
27933
10121
25340
15915
23284
13513
9512
28453
16853
29179
31321
8833
817
16088
30512
16111
15687
2483
13701
2170
12103
13068
31146
16571
10424
20323
15600
5965
2071
15178
16749
32385
3265
13758
4860
14418
19
29879
6532
12187
31183
26622
8318
29063
17345
7743
30641
23369
8355
95
4416
20494
31295
22287
16615
2864
15059
20130
130
25261
21945
27931
24015
3543
17223
11915
30068
17485
29685
15258
8004
18729
32445
28259
12222
13947
3784
6533
29398
7415
21574
17782
17401
19434
31902
22555
26443
21875
30151
23190
2099
8943
245
20832
281
11701
22649
23191
20590
12292
27874
1689
24301
25145
32105
7889
31521
6213
3980
20177
11816
21343
2552
25505
19894
7158
30380
5463
28509
14314
12380
3816
8459
4347
32531
10302
2772
24450
26653
1675
24049
27999
13604
5852
13577
1330
30361
5873
18864
25038
1366
8268
9006
12778
18305
27016
8833
1050
15539