297
10714
7738
15581
26782
7564
10397
21132
22860
17811
5274
27553
23338
11236
9249
25310
15424
2942
30471
9809
2483
30458
26446
12935
28209
19812
31399
19965
20367
29001
3381
6359
28593
30225
6548
17620
5291
14223
16922
2434
31781
4055
32604
10414
7684
8016
6132
5919
583
23306
17794
7556
11822
21841
10993
1450
27810
29826
32764
10226
30161
3101
5616
27907
14873
3100
6579
6076
21543
14979
14085
27500
26208
11065
262
582
26495
27158
17400
26639
8832
2877
9287
19738
28094
5548
11974
25974
23896
31761
15932
18534
29912
6111
23071
25617
7191
23202
29343
22907
23387
10640
7655
21684
8899
5984
15007
13648
8421
28767
7093
6934
27829
19648
8541
11005
1705
7475
25430
8276
29978
26042
20591
32320
32750
6840
26443
30059
20340
21579
27745
20987
29327
19420
16710
1473
4119
22517
16687
8883
18300
23122
18098
22941
1196
21562
16076
20755
19255
5392
27944
26794
15537
14117
17822
15464
24153
24272
32507
31864
25079
28609
17152
27938
30219
11410
8109
8955
24867
29855
7615
20313
27789
5144
8311
12554
25134
23124
29341
32070
8626
27240
9413
21729
4326
31225
8401
6597
27489
29262
5815
14496
13674
10153
9860
15066
22038
6872
27553
13514
7345
30983
19797
25641
13663
19928
14476
4807
20739
7094
9943
4476
1120
20070
5811
24418
8831
15326
22798
20801
5712
10075
22535
19787
32659
31406
15094
28426
5881
10710
2988
10134
7559
29908
16636
11787
23356
31675
21114
21562
28915
22791
14722
5023
395
13871
892
26260
30276
3710
22879
16835
25196
5150
8308
16865
19004
27510
6237
24986
20733
12470
6741
19399
4718
31663
23993
7655
11114
21993
26056
11981
13766
22255
31911
11670
15225
23278
24487
11486
25855
1918
203
28212
26367
4800
389
458
29483
169
19137
3697
12391
19101
26148
21957
32302
9536
31894
18597
1842
22665
7678
16359
26435
24088
13900
11593
26738
14793
21437
22698
7030
16521
8794
32122
20303
16744
16579
23663
11305
17648
21034
5497
30082
22197
29090
24057
14223
3374
27290
26414
25564
17347
23204
2287
8500
15143
8316
1184
21184
5096
15429
29791
6770
22341
1301
14974
23205
575
22452
1334
31485
18163
8865
15001
29845
30758
29526
24777
26969
21282
26829
22120
19120
7105
12099
28495
21343
16071
26940
18819
22698
28276
10695
28260
14011
27994
25603
5160
23624
31597
29666
5000
14705
6489
9261
26041
5607
5656
21961
16030
4691
6851
11320
5948
22774
10408
25442
15470
16780
15774
12950
13786
27767
4757
24780
6435
6425
10353
28205
7521
15234
5913
30421
718
5451
21194
13015
8897
21953
23474
14209
15329
1351
3002
24034
20114
16373
30371
29322
7604
901
4180
4753
10125
5232
3442
23003
11011
15956
12850
18073
3343
29593
875
30227
12910
4180
3568
7846
8602
17515
14364
27400
248
26875
20910
6868
17747
17654
21975
3138
9353
1297
5010
4917
8324
27357
12340
16764
15980
30515
14404
1105
15899
5078
12940
15142
26066
84