21417
13939
9889
14817
3188
2231
11563
21639
16124
16884
1591
21855
18881
26106
2145
21094
23905
19266
14165
27493
23051
21130
11494
24250
8503
16832
6234
23388
12180
17953
18440
13338
4930
24994
28966
22563
4674
18319
10716
13515
5419
27762
18844
25740
10782
19766
9142
20299
13307
12684
20519
8157
6613
28046
30386
13002
2724
26274
20531
25169
10554
24482
21039
21420
13433
20538
14511
10645
32706
19345
25167
16392
20400
14891
12946
21835
28423
27406
28280
17452
4071
16419
18259
13194
19782
31200
2006
24342
24733
26148
5999
23899
24544
30306
18391
1788
6068
258
8423
25405
21981
12804
7853
15813
14325
28391
5567
18851
21092
12745
12751
30094
17292
8143
17024
21873
1860
24263
19064
17703
7816
28172
1206
370
24430
1706
21542
27795
348
18115
20851
11813
14713
11314
27421
10635
31585
8813
19403
22428
12829
10160
31458
23547
1362
19800
27478
10396
32440
6029
27841
31363
9166
35
12978
5071
22477
8386
26183
22264
6618
18501
30206
10069
29567
32609
6088
13025
11100
16519
12639
2366
4122
26379
6874
9210
28577
6533
28543
17426
3723
13176
24792
18612
13272
29233
16393
25417
7395
26866
12640
19635
28052
80
15918
24531
28888
1242
14549
15695
15694
2299
10019
23698
4676
7714
9950
11796
225
10527
160
13019
13731
21969
23781
11586
30221
28158
20323
20217
9881
6018
11418
2125
27892
15788
23979
23721
17002
10725
9837
24669
2719
3986
4542
17311
641
3900
30743
3791
7034
29934
21604
29696
5866
13791
23314
22963
30164
29009
1897
741
4312
30905
4892
30797
27745
8992
3102
5855
7455
28617
31928
26516
20664
15380
23001
9325
20154
4258
11181
3766
1493
18874
9328
31368
31047
7916
6533
13201
8855
19956
4802
7959
7046
27873
25615
16187
9283
10102
1327
31611
23006
27600
7133
21115
12543
19017
27675
22789
2264
3229
8903
10830
27224
18507
11887
11643
18337
28734
6758
21603
20413
10669
8215
14231
10892
26688
25242
13216
12545
5492
2181
27527
30094
18240
10245
21659
12509
18937
14637
12142
26305
371
653
4641
22380
25961
13319
26593
4322
7454
9182
2482
13486
32325
25104
21611
17875
29470
5606
24578
4869
3043
22985
15370
4377
16226
2391
21882
14779
7915
13750
27056
16991
364
13352
10934
16250
27099
31456
30915
2033
11476
16405
21765
27857
6532
3924
29085
6466
10693
18714
748
11958
32138
16546
13837
29030
9598
27644
28834
6399
232
23135
15828
6552
13010
25792
3221
30952
29290
19619
9000
950
15016
15666
27620
30608
7473
25228
32565
29888
15484
2911
3811
19580
12595
2233
5783
32605
24284
16411
30107
19
31672
9168
21985
3670
20459
1404
1095
15903
28638
30456
7705
32537
30178
11613
14295
14418
32534
6751
24889
19511
28554
12253
10865
6335
16804
437
3760
18406
25795
14813
26603
1117
28451
4784
20447
26240
9985
19333
4691
11656
9983
19334
5277
6402
8649
26304
22119
30336
2297
31094
28595
14222
6968
19899
12317
9191