13971
5902
5271
32063
9455
14487
3689
1989
25511
3790
19679
8268
22679
17846
29509
9985
17666
13327
28075
18116
6943
27337
4746
8247
19668
22719
1962
11029
30657
22178
28226
16838
4736
12083
6754
2864
32555
30646
22926
14031
10015
19619
3243
16136
1024
18078
6432
9658
14846
15273
30005
24343
10070
8345
21438
24242
3355
7878
13054
31448
13622
12807
21190
6692
14764
25310
21981
24398
20767
28911
4772
18244
17560
439
22266
28028
29315
10106
9054
27272
763
21629
8531
235
12616
3702
22793
3115
20134
30273
27193
26151
25160
30676
19537
13995
2717
13941
22993
24898
978
2347
10997
1355
30616
7026
916
17487
31271
1586
22600
17042
22659
29938
11983
5608
7166
11081
23985
5834
26366
32406
28451
18345
3840
6129
11052
18050
6109
4706
3334
31923
29772
18768
10183
269
12201
27452
15937
24618
25845
9391
4646
16129
10013
30576
11888
2999
15999
4603
12543
12473
24490
15151
22404
32263
16229
9799
21407
15571
10228
17163
10820
8522
29590
24135
8803
3762
4178
9853
1736
25013
28915
26839
16192
13564
3922
6751
1277
21504
25555
370
13883
20509
30258
4978
3364
27625
27520
23228
15857
20675
13672
30938
16467
17071
18103
6393
18449
18017
28956
26269
12530
28055
20523
23699
25053
15788
26024
40
27455
25706
19203
23704
25773
12065
7199
21193
19915
30709
32599
4409
30316
32124
28355
18485
12794
22665
9911
28237
23065
1090
23949
10500
25735
11385
10405
11724
4166
13881
12969
12081
28158
13982
10006
10836
18333
19434
30456
10395
11072
3286
23285
18855
7510
550
13964
10630
13826
24192
16543
30506
11714
26750
5423
20250
7503
19202
5224
11880
29892
16330
13021
4579
28161
18500
7956
5517
32338
26787
24645
10320
2892
6450
21087
10220
26360
25064
9036
31028
22324
21565
13686
28794
11349
22333
2954
7752
11025
31195
8572
21585
19869
16263
22219
30374
8210
6915
19974
27949
15381
2930
25999
18768
10167
4018
11679
29682
7066
25579
32650
30631
29782
15720
6724
15140
21274
30886
26660
16372
12695
28075
20969
14701
27929
24217
17147
4067
3319
13443
17139
9243
18478
32383
18524
26370
3657
26365
10427
6559
6020
4951
18894
18759
16432
8617
30738
23568
13145
14562
1671
16776
10407
24347
7095
7078
14722
2600
20469
29696
4473
7789
227
20799
32229
20467
32311
16592
8393
6588
29630
10461
19197
16211
13473
30332
16780
3238
19431
31782
29274
18456
30267
5226
23562
2771
26863
23778
11550
29531
2626
7527
24160
26217
32478
12161
19585
20982
12453
31265
5377
9878
12973
21907
14926
31495
9865
27566
21296
3594
1739
26702
18788
6769
31430
3588
27528
12666
6041
779
22071
3931
12905
27262
30836
7710
10221
7625
14156
6831
15664
6750
29879
4148
32146
30633
32192
7580
14864
31045
9189
14715
3526
4464
1473
26645
2994
26556
19176
72
31163
14344
22291
5968
15602
7599
14461
23349
23319
7935
21900
1095
13663
3309
7604
23869
24692
2822
16793
16954
15806