12780
4005
12030
5465
2880
3090
2489
22875
30175
3719
213
25084
782
19462
4678
11010
29068
12831
8316
16150
30827
22130
508
17261
13341
32624
20480
26280
27090
10849
27710
14073
5378
12971
6935
9096
29509
32337
3602
11541
619
21434
29320
2526
9417
15540
22689
16579
24529
6840
1663
32680
26854
20592
3000
12571
29806
9334
10506
5430
31528
16735
24650
25031
27071
30456
16542
11695
28320
8399
17132
11144
23049
22005
19090
30603
17507
17923
7768
31920
28370
26459
28066
13590
4618
23216
13803
18854
3940
10185
7278
21748
14385
14209
4134
19813
8014
12051
18425
23191
10489
4244
28977
6653
19682
17601
8747
5834
16005
29179
25939
30993
28600
17552
28752
12330
8576
3132
23419
7255
30505
21232
28054
31655
16278
20689
20411
7707
26837
24964
15762
9480
20982
24233
1479
20924
28446
933
28347
10084
29655
16037
21370
25646
30634
4832
3310
5546
18672
28700
31570
19574
25061
9075
17384
13082
13310
17751
5871
3121
15741
18644
4560
23498
7490
4117
4504
16397
6372
10794
2474
15650
18688
7688
12982
78
24529
26321
9701
24159
15873
1366
14422
4427
18879
19163
10958
30996
15378
16666
427
25582
22637
21386
6426
8612
17027
7648
18826
26168
26204
982
12385
16330
9897
30252
28909
9146
17749
2285
413
22289
14940
16116
22897
13853
27872
11950
4527
8028
634
25634
20440
1436
14542
9262
3034
27999
32098
29971
1671
22916
14256
4148
1094
27428
31097
8474
8200
14523
2397
30140
19070
8328
31657
1021
18826
6710
19824
26743
19443
19387
13789
17015
25948
25985
8647
4424
1655
2499
3462
30389
17782
17211
12549
713
2754
20218
12825
27865
30192
15767
20753
24005
3825
12171
17295
12154
6024
12508
12694
17851
4353
30713
2275
25634
18977
3045
6785
9569
2393
5528
13976
30670
10046
24739
14982
17183
11582
20242
17712
7025
19595
17558
1434
9616
16732
19684
22454
4210
30293
344
9082
18436
31811
29150
12853
17706
10765
5394
28195
7936
30952
934
16447
16743
28873
772
88
27837
14624
9013
11111
25323
8643
29698
21536
26021
14376
5465
455
27117
15576
9970
28997
9433
3360
23345
27771
21911
21770
12623
11222
28846
7564
6837
30244
4230
2814
4008
29350
20267
24529
22315
24934
27982
6015
1569
11722
27277
11710
31155
3946
29428
26105
20721
11551
17859
9984
10684
30300
31089
16127
9443
9922
16626
9133
30092
10222
5686
709
32726
17814
28146
14010
19132
26580
22690
29607
18749
18369
13519
16516
16057
21062
22157
4256
17055
11567
18505
4427
10053
4737
2241
32723
18455
30222
27220
7091
756
10566
30588
2310
24789
29008
153
14146
12720
17242
14064
8226
8092
6957
30963
29412
32053
8196
251
32693
21314
2974
32243
30570
29077
1938
20367
21360
1843
29923
31580
31238
1461
20948
19810
29353
21486
12797
29352
16080
5070
31903
3647
10970
32646
25909
8065
11077
8685
21067
7579
6688
28195
9875
27721
26819
31348
8246
3553
6589
25215
17000