16612
18725
17138
32017
31379
22304
30762
3881
16716
21810
11136
32706
5610
4442
16711
30455
16623
12192
5298
19773
15049
333
16953
15419
26964
23643
28990
4572
22177
1835
24817
6562
17654
3190
15473
12349
17429
2950
31284
13660
11201
22694
19112
20419
8063
471
23066
14237
32666
3012
27096
31508
27497
31480
1170
28960
14548
32079
20998
20124
1301
18346
19933
4511
17084
31719
26063
14089
26870
11025
17166
28252
10254
18387
17122
16334
18228
7475
25232
22684
3966
7549
8833
29088
26668
7548
9376
1062
2096
20464
2564
16636
24814
5437
21455
32200
9792
29537
19286
3230
6077
18984
13698
12754
28475
6051
21878
11275
6290
24790
625
665
5795
4785
21750
3593
14745
28482
12075
28406
2671
23336
9344
26402
4019
8011
1168
18629
20361
29386
3404
28708
13042
24885
2134
31590
11854
24829
22443
13475
21280
11816
13701
25151
12050
15689
11136
29046
7225
23216
1275
12087
26265
18910
16577
822
27372
31036
17897
24893
4767
7692
24570
25794
20766
19615
18003
19135
1617
24776
13002
15806
27238
19090
19348
10291
26322
4910
25701
271
146
11823
23255
18066
14263
27386
4624
7009
33
6775
20895
14808
14219
15629
2984
12705
15560
19662
20033
9094
3147
30702
25627
28547
1517
24442
26725
2336
16363
11846
20973
26110
2862
7208
14729
15023
3280
12643
24501
31178
4315
24166
13693
18751
31316
15287
27806
25065
29816
1578
21224
3426
18757
11094
31974
13851
316
31305
961
15788
12390
19579
23138
3432
5269
15105
32215
5429
26860
13315
1272
11419
4769
1136
21322
2586
2818
10736
29475
17601
10934
283
23311
5116
14918
9192
8819
16814
27612
3176
26992
639
8778
20404
30730
10360
10573
1316
22666
25549
17171
11713
28960
1529
12028
12285
24781
31504
3486
15266
9088
27985
17931
10761
16768
18171
20566
11916
3593
1635
2387
27453
14650
6210
29599
15833
14639
11347
2528
22775
20074
14366
1614
32133
10103
7182
17267
26741
26575
7882
6702
18612
5630
12994
24830
20828
13569
14856
28797
15402
3314
15458
20779
20530
26343
17309
30317
16593
16407
21028
10966
30948
14398
10193
4516
9783
16195
18690
24974
6465
17944
31728
15549
19726
30435
12348
18968
11132
427
1227
29636
25002
116
24532
28395
22702
14910
19767
28861
9862
17162
5905
13493
2897
17104
19597
14366
20160
25549
11005
20181
4551
11632
7465
30032
26776
1655
17638
991
20689
8790
17131
10034
22516
24024
12513
16924
1561
20232
441
7318
24799
3154
15426
1031
6824
28390
17403
16579
16902
21597
9254
1233
1392
9119
4381
14321
24378
6404
5097
17629
15812
7609
5137
19408
31729
11878
13232
24133
15834
5389
12746
10241
1476
31286
18144
10579
5456
4425
12226
26267
28402
25659
23205
12553
2980
620
27253
27815
6364
5840
1133
30618
21179
10574
7140
5797
20103
3941
12394
2798
18779
20501
12819
13573
20253
32509
19
26914
19889
21185
13707
22702
26732
31406
14499
13573
8140
30625
16345
28539