8550
31780
16793
15005
21535
6107
525
12473
29855
12831
13110
17312
22019
6120
23356
22954
6866
8432
29954
15355
31283
12309
32510
14853
25949
4863
27720
9806
8526
1284
11248
4211
10432
22856
14997
24686
27225
4137
29235
14100
14114
23514
3133
14305
30010
22605
2540
8184
27340
31319
30422
20070
13630
31247
14786
8615
16555
15479
26555
20075
21396
94
19811
5018
722
21124
8842
28565
8655
3328
7167
15039
758
26079
20390
19260
7272
20750
7883
1528
25841
14714
6838
235
32058
21877
6016
6812
31040
6748
24869
10980
24068
4982
18137
12533
10117
8224
28832
8858
27371
23847
13081
16577
26885
15734
21914
5430
9461
5617
32386
32177
21290
8352
14795
26643
13455
15120
19935
9197
12802
25590
21165
27970
19464
15382
16123
5262
12991
3683
24574
26630
6676
9064
28456
16930
7733
25574
14913
24921
19530
3775
4537
27947
9056
1554
28989
19557
8613
30632
5768
12449
12763
25743
31356
31500
3335
19460
24689
24172
25705
32151
28621
25185
26545
22153
3028
11242
31600
28281
24002
12076
13261
30527
17687
11887
26489
21529
8755
10858
28389
11269
12066
10176
25522
31597
23225
28106
29801
26889
23010
8855
8300
25090
25396
26673
28716
16723
18631
24354
32157
1653
25670
12855
24807
24379
2373
3972
21855
2299
29141
12968
10933
19694
22870
25683
22126
7129
14733
4869
14741
3309
24055
26904
28334
17388
16732
1024
13292
654
27046
12498
17828
26915
13812
20995
15616
10873
21227
21106
18168
14080
18764
18857
18302
9004
23244
13664
15609
19739
8480
27715
30709
1400
9047
11766
31513
16287
21868
29781
5977
3330
13852
27136
6253
26571
32501
10775
5505
4291
6832
11586
14894
1138
21952
2037
7081
19336
32043
24050
28218
10875
24473
12047
12016
29810
25770
24889
5524
1378
11917
11193
25307
10102
31183
18358
24287
26549
12144
2555
7120
7647
23868
18939
20711
11159
2136
14866
24988
14023
3612
5390
25881
25409
1824
17646
16878
20386
24730
26346
12806
22908
8167
20659
17114
27828
1127
31483
9700
25128
31630
30008
25943
12693
6968
18085
20749
31417
5693
24714
14273
10676
24390
1470
16510
15028
28127
19306
30807
24785
22989
5903
26713
5174
16545
15819
18366
19330
10637
10456
7779
25710
23415
9045
27517
32687
22860
13641
9351
21534
30871
12261
8319
15638
18002
20233
17233
2077
11771
5130
32148
17863
5867
15795
29812
8664
27620
393
26095
1705
16617
27219
7493
4045
2898
32730
2985
4083
8223
7150
22845
11790
27789
4265
573
23988
7399
1016
21626
14020
9631
9302
24843
28748
25245
6875
13887
682
16599
24182
30166
13553
9762
19575
7024
6542
2887
10832
1861
15915
31834
29852
8471
4819
29511
8032
10085
19543
16558
11153
32482
17905
30449
13783
5669
9768
2955
25233
12706
19187
8867
19225
13273
16673
14560
20553
13773
19192
8064
30270
952
14877
32420
11611
20989
8372
20974
11409
15966
7623
4942
16606
29039
18668
2073
13844
29770
290
25692
15580
3717